040505050505050505050505050505050505050505050505050505050505050505050505050505050505050505050505050505050505050505050506272728282828040506272828282828272727272828282727282827282727272727282828272828282827282728282727272728282804050506282728282828272727282827282727272728282827282728282727282827272828272727272727040505050506282728272828282828282727282828272827
140725252525252525252525252525252525252525252525252525252525252525252525252525252525252525252525252525252525252525250816000103010100242526010200020302020201010102010002000001010202030300010103010103010003000102020301020203000324252526030101030001000002030103010203020202000301000102000203020301020200010302000103242525252526000100020301020000020102030203010127
141600000202020303030201010200020103010000030200000000030103030003000001000102010300030202000203020203020300020203011416030203000001000202000300020001000001010100000003000103020103010001020100020001030201000100010102010000020001010202010301010001010101020000020001020302000101030003000300020103030003010300030101030202010303020301000003000200010103020202010327
141600020201020002000302010100020200000002030302010101020101030001000003030200000301000103020001010101010100010203031416000202000301030100020101010100010100010000020103030001000102000000010200030302010001020003020200020102000100020303020103030002030302020301010101000100020001020003020302010102000000010203030100000203000300000302020203030003010102000003010028
141601030100030200020102020003000203010100000302000303000405050601020405050600030405050603000405050600010405050600001416010203020002040506020002010103010100010201010301010302010002020100030303010300010000010003030000000103030002020300000301010000020001010102020001000100010001020000030002020203000003030203030301010102000300000102000003010002020002010001030328
141601030004050506010003040505060103000405050602030101021415151602001415151601001415151603011415151603011415151603011416020203010405181517050505050506020002010003030202030002020002020300020200030000020300000100010101020103020300020001020302030202030303030100000202030300030001020300010101000300010203000102020202020102010101030102030201000000030102020302010028
141600010114151516020301141515160001021415151600030102032425252600022425252600032425252602022425252600012425252601021416000301001415151515151515151516000101020301020100020100000201020103020000030301000301000101030003030300020302030002030001030201020203000101010000020001020202000002020203030002010002010100010200020200030101000102020000010101000002000303020127
141600020024252526010102242525260100032425252601010001020102020300030002000101000001000203000003030300020001020203031416020200001415151515151515151516000301000303030002020303000203000202010101020003000301020200030202030003010300000301020302010300020300000103030301000001020100010003010201010101010002020302020303020101010300020201020100000302010300030001030128
141600020102000202000000000300020003020201030003010101000203030302010003030203020102010202000301030002000203000201011416020003031415151515151515151516030203030302000202020201000003030003030201020301010302010002000202020102030302010301030200000000030302000200030200030303020000010102000001030300020100000103020303000301000100010101010303020102020302000200030027
141600020001010103030001020201010301020002010103030200010405050603020405050603030405050601030405050600020405050600002426000201032425252525252525252526000302020300030103030102010000020303030203010100000101010000020201030000010201010103000303000101020301030200010003010101020301000103020302030001000002020002000002020101020201000302020202030301030301000000020327
141603010203030000020101030303000200010003030103010100021415151603011415151603011415151603011415151603021415151603030303020203030003010101030300010002010200020203020202000003000302030100000000020201020001000202000002000301020101020001030202000101000303010102000100030103020303010200030301030301020101030201000101030303020300000100030002000203010200030203030028
141603020304050506000002040505060301030405050505050603012425252602032425252603022425252603022425252602012425252602020203020201030101000301020003020102000101030002020300030101010101030103030303020303020202030203010001010001000201000000010001030302010201000000010302020200010303030102030103000001020202000303020103010203000202010302030203000002010303000001020228
141600010114151516000201141515160002031415151515151602010301010101020200010102030201010101020300020203010202010002020301010102030300010003020302010103010202000303020102030001030202020100030302000100020100030302020302000300000001030202000000020003010201020002020201030301030002010103030301030101010102010000000001030102010202010101000203030001000001030200000327
141600010324252526020203242525260200002425250815151602020100030002030202010003030103000102030001030000020200030203020406000203010002030203020304050505050506000101020201020003030003030302010102020201020102020101010303010302020200000001000301020302030002030102030000010001010202000301000100020001010201030103000102030200000102020100010002000003000201010202020328
141603030003000102010100000300030203000203021415151600010302010405050603010200010405050600010102020405050601020203001416020102020100030102020314151515151516010103000102000003030202010000030200030301010301020003010300020002010300000201000303000202000101020302020300010002020303000002000002030001000100000000000202030001010001000203020002030101000302000203000328
141603010203020202030303030200030200010200011415151601000203011415151603000101011415151602020000001415151602030000001416010203010102030101000314151515151516020101030300030102000202030002010103010101010301000103010203000103020101020003020300020000010100030200030301000201030103030000000303030301000303030001030203030101010203002727020001030203010103020000020028
141602020000010200010003000001000002020001012425252602020003002425252603020001032425252602030201002425252603030303021416010203010102030201020324252508151516030303000101030000000103020002000200010101010100000003000103020202000202030202010002020000000301020101000103010300000300030103020203010102020201000203030328022702010301010103000000020302010200010300030027
141602010101000102000203020101030102030003010103000102030300020001030200030103020103020301020301010101010100000203031416030002020002010000020001000114151516030302020202010001030303000100030102020201030101030002020201020303000003010303020300030203010100030203000003000100030301020101030200030100030302020300020100020303030300000100000302020100020102010001010227
141601030303010102020100020002030200030203030101030103000303030301010003010203030301010000030200030000030102020201001416010202000002020001030100030214151516020300020003000101010102010203020102000103030002010101010103030303020202020102010103020203020002010102030301030201000102000000010100000000280200000300000300030100010101010200010301010000020100010003020128
141600000003010001020101000302010301010003030100020201020003000302020200020300000301010102000201030201020103000303021416020101010203030303020003010024252526020202030203020101020000010001000001010302030303020002030300020100010100030301020001000301020001000002010001020302010300000000010202270101010201000200030200000002000300000203030003020101030300000003020027
141602020100010300020201030103020101020102020001030101000003020101030203000001030102010201030100020101010103030103021416010003010202030303000000010300000103020303010200020002010000020302030100000001030001010001020203030303010303000300020302030201010002010101020003030000020002020302020300000002030300010300020100030100010302030200010103010102020300010300020027
141602000000010303030100030100000200010101010303000303020302010301000100010101030102030002020202020300000001000103021416020300020303030303000201000301020303000001010300000100000002030203000203000302010303020301020302000202030003010202020301010202020000030002010302010202020300020000020002020202000102000202030301010003030103000300010201000302030300020102020127
141601030101020200010200000201010000020001010405050600010000000405050602010101010405050602020101030405050601000203001416000303000300030200010002030003030003000101010003030000000100020000000100000200010201030301020201030102030100030100010001010100010100020102010003010102000301030300020302030203010101010101010200020000030301030201010002010001030303010100020227
141601010003010202030003020201010101020102011415151602010300011415151603020100001415151600020200031415151601000302031417050505050505050600020301030000010001020302020102000202020200030000010001020000000002030200010203000302020301000203020103020303000128270202000203020301020302020303030100010202030200030302010001010303000303010102010301030002010000000000010128
141603020102020302010203000302030100020301012425252600030302012425252600020101032425252601010203032425252603030301031415151515151515151600020001020103030301020000010201030301010202020000000203010001030300020201010103030301030002030000030001010301030200030201030203010001010202030002010303010200030100020300000103020103030301020301000001030002010001010202030128
141603010301000302030303010003020003030000030202020100000300030302020001010200030202020300020000010100010303010202031415151515151515151603010101030302030203010103010203030201020000000101030103020101020100020201020300010300010201000301032701022802020300030000000101000000000003020203000201020200020200000203010101000000010201030003030201020002020302000201000227
141600040505060304050506010405050602000003010002020003000301030301000003020001000100030201010003010100020301000100001415151515151515151603000100030003030203010303030103020201010001020301010100030103020102020301000201000203000200030103020202010100000302020103020201010101010303030000000301000102030103020303000202030203030201010202020200020203010303010003020027
141600141515160014151516021415151601020003010300010001010200030203010301020003010003030301010002020300000300010300021415151515151515151603020000010203020200020303010002010103030302030001030200000001000102030301000003010102030300010303010001030302010100020000020101030102010003030301010300000201030200030000010102000300020202010002020303010101010101030102000406
141601242525260024252526022425252601020200000102010200030001030201010103030302010202010000020101030101030303010303031407252525252525252601010200000003000001010102020300030000030002020103000103020200020102020203270202000202030100000303010300000202000303000201020102020002030003020100010003030303020102000103010203020002000200030302030102030003000101020301021416
141603010001030001000001010002000302030000020003000302020000030001020102000001000300030001020203010001000200020003031416030001000002030302030000020101020301010302010003000203000003000001000000010000010203030202020303010003030103010102010203030002010002000201020302000103010301000101020202030303030301000302000100010002000102020002000102010303010302020103001416
141602040505060304050506030405050601010103000405050601030301000405050600030103010405050602030203020405050602010103031416010201000101000001030101020101010003000203030301000100000303000302030300000201280001000102020001030202020000030303010103000201030101020303030103010001010300000000030002010203020303030100000101010003000003020301030103010301030001030300001416
141603141515160314151516021415151603020001001415151602000101001415151602020103031415151600030302001415151602020302001416020103010103000001030303000301030300030102030202010102000000010100000101032702010303010201020201030102010302010202030103030101000100010101000002020027272727280203000003020202010302000002020102000303020300000000020103020201020202010000011416
141602242525260324252526002425252600030201022425252603000001012425252600000001002425252601010201032425252600010203001416010003000302020202020002030004050506030101020103010000030202020300020301020303000303010200020300010201030102030202010300000300030003000202020100000128000203270301020200030201020300000303000202000301010001020103000101030201010103030003021416
141602010300020203030303000302020301030101000101020201030201010003000301010102010103020302030201000001000300010001031416000103030003000203000000010214151516020101030101030101010303012828010302020300030302000101030102010001010301030203010202020300030003000001030000030128030301270302010002000202010102000101020000010301020301020202020003000003030000030202022426
141601040505060004050506020405050600010101010201020202030000030102030102030002020300030202020000030202010201020101021416010000000303000303000201010214151516020200030100030100010201000301030003010001000000010201030002010200020003000102020102000201000203000100030300000227282800280300020102010200020300020001020202010300010300010003010202000103010100010002020027
141602141515160114151516021415151600030302010001030303030300000003020300010100010102030302010103020100000002020300021416030301010302000203000003000114151516000300030103030301000202030003010002000001000103010103000301030302000200010201020202030003030003010002010103020302032828000101000100020302030303030103030003020202020202000003020203000200000101030302010328
141601242525260124252526022425252600000102020002010303030302020203000300020203000201030303010102010103010203030101021416020002030202000301000304050518151516030001030103010002010303030301020103000003000203030002020302000002000201020001030300020301000002030203020000030303020002010202000301000101030101010200000100020000000202000202030303000301030303010301020127
141603020001030301020003000001020203000101010100010002000100030000010102030302020200010201020102000200030302000203021416000303020303000302030314151515151516000203020202010302000127030103010303000102030200030300000300000200030302010003000000020202000200030302030003030203010202000102000200010202000200000100000200010103020003030200030302020203030328270301020328
141705050505050505050506030300040505050505050505050505060302020405050505050505050505050505050505050505050505050505051816000202020101030302020314151515151516020001030201000200020302030001000000030301030101000201030103020001010302000101030300030300030201030003000003000203020100020302020000000200030202010303030202010202030201020301020200010300030002030000020128
242525252525252525252526010002242525252525252525252525260303012425252525252525252525252525252525252525252525252525252526020200010200000200030324252525252526030203020303010000010201020100000200030103000002000003000303030002030001010300030000010200030100000203020303000303020000000201030203010002020303000101010202030102020002030103010002010301030301030202030327
280002030201000203020302030000030100030201010202000302000001020102030303010102020100010203010300030300000000000000000102030102000101010102000300020300000301000000030003010103010227030100020003000002000100000001020002000100030100000102010103020303020002020303000301000002010300000303000002020101020200020003020201030301030300010028010200020102030203030000030128
280103010002030302020103000201030102000201030003000301020202020300020003020203000301010302020102010002030002000002020102000102020003030001030101000103010202000302010300020000020301030303030100000200010100030100030003020303030302000201020000030303000001000100020301010002030301020002030103020201020202030002030102030302020003010100030102020201010101000001010327
270002000301020202010202000103000102020002010000030302010000010203010202020200010000000000030002000102010000000302020302030201010003030200020300000200000203010200030000010100010227020301000303000003000300000301010000020300030001010102030002030200020203010002010200000101030302010101030303030301010101010000020103030128020200030000030003000001030102010301020227
270001000103000003000302030001000000030102000300030100020102030001030000030302010101020302020300000203010103020103020100000100010200020003000103030002020201030002010003000100010202030303000202020303000203000202000202020101010302030100010101020101010100000201020200000003010203010200030100010001010000010302020203032701030201000002000000000103010100000302000328
280200010204050505050505050505050506010103030405050505050505050505050505060201000104050505050505050505050505050505050506000300030304050505050505050505060100030201020003020101010301010201000201030303020001030303030301010000010101030203000002000302020103000200020203000003020301030203030101020202030300020200010200020203020001010203010002020003030102010301000327
270301010214151515151515151515151516000000021415151515151515151515151515160000010214151515151515151515151515151515151516030302030314151515151515151515160101030002010000020003000100020203020001020201020102020000000303000000010300020101030202030103000101030303000302010002000203020201020200000001020103020203020001010101010101030102010300000100010203020201020227
270301000214151515151515151515151516020001011415151515151515151515151515160201020114151515151515151515151515151515151516030201000214151515151515151515160002000202000003000001030103010200020103020203020102030103010000010002020303020302020102030103020201010001000302010203030000030201030301000100000103020002010302030103010203030301000101010101030000020102020227
270200020214151515151515151515151516020203021415151515151515151515151515160101010314151515151515151515151515151515151516010300030214151515151515151515160303020101010201010001020001020000000303000203020002020301030100020102030303000000030202010000030101010101010300030200010000000002020102000303000102020201000101030303010201030003000301020203010202030002000228
270200030114151515151515151515151516030100001415151515151515151515151515160203020214151515151515151515151515151515151516000103010214151515151515151515160101020301000300010001030100022802000202020100010302000102000000010200030302000203020203020201030002030000030001010202000101000002000003030103020302000303000001000001000300000303010300010000000303030300020406
280002030114151515151515151515151516010102001415151515151515151515151515160002030114151515151515151515151515151515151516000002000114151515151515151515160103030100020002030303010301030027000002020303010300010202010303030103030102020202030300030202000100020000020300030101030001000101010003020102030302030101000300000002030002010003020202020200000102010101031416
270201000224252525252525252525252526030001022425252525252525252525252525260101000324252525252525252525252525252525252526010201020014151515151515151515160102020203030301000202010101020102020001030302030301000101030301020001030103000303010102010101000101030002020002030001030201010002030003020102020201022802000302000202010303010303020302010200030202020001021416
280201010101030303030002030102030100020002020203010300010302020301010301030203030203030201030003000100000102020200000301000303010014151515151515151515160200010101000000000101020303000301030200000303010201020202000201010203000202010201010203030201000201030203010003000201010002030003010102000101020201020300020302000201030200030200000303010101030327000003031416
280003010300020300030102030201010201030002030303010203000200010101010001020101020202030302030301020000030102000200010200010201030314151515151515151515160002010302020303030001000303020001000300010300010102030001010003020300000103010100020003000003010000010301030202020202010000020300000301000002010000270100030100000001030003030101000002010303000302030303021416
270303000303020202030002010000000103000102000201020002010103030001010102030301030303030002020202020100020003020302010303020302000014151515151515151515160202020003010303030201030300000303030302020000020002030201030003020102030203020001020102020101000303020202010100000100000101000301000300020203020002010003030103020302020102000002010200020201030201030003012426
280001030002000001010300000001020102030300010003030300000302010001000302030003020201030103030001020302030302000302030100000100000324252525252525252525260303010103010201030300030202020002010102000103000002000002020002020002030302000101030201030203000303030103010102010302020203010300010101020201020300010301030101010302010203030000010000010102000003030000030127
270101000304050505050505050505050506020301030405050505050505050505050505060102010204050505050505060300040505050505050506030003000101000201020301010000020001010301030303000101010203010101000200030100020003020100030101020200010101020202030201010202020001000102030000030303030100030002000102020000020101000302000001010302030103010300020003020303000002020102030127
270303000014151515151515151515151516030100001415151515151515151515151515160102020314151515151515160100141515151515151516000203020300010001000003030101030300020101000201030200010101020002000001280002020003030202030301000203020200010301010102030202010002030002020201020302000200030202010001010301030300030002010100000002010001020300020303000202010303030002010127
280201000214151515151515151515151516010101031415151515151515151515151515160102030214151515151515160301141515151515151516030002010002010003030301000201030100010000010003000002030201030302010302270300010202000002000103010201030203000002020300030200030000000101000001030301020100000203020001030001030103020100010002000201000002020000000101020201000003030301030027
280201010214151515151515151515151516020202001415151515151515151515151515160203010214151515151515160300141515151515151516020303030302000203030100020001030002010303030003000301030302010003000101020001030201030101030001020300010200020303000001020003010201020301030200030301030103000303030201030201020003000000000001010002000300030002030002020303000303010001020127
280302020114151515151515151515151516030203001415151515151515151515151515160001030314151515151515160000141515151515151516000203020304050505050505050505060103010304050505050505060003030405050505050506010102040505050505050506010001040505050505050505060303030302020301000100020300030100030001020301022802020203020002000100010100030002030300020303030003020101010227
280302000214151515151515151515151516020203001415151515151515151515151515160003010014151515151515160101141515151515151516000101010314151515151515151515160301010314151515151515160200021415151515151516010101141515151515151516030201141515151515151515160302020201000200000200010301030301000201000301012703030302000002020003020002010001010103020100000102010203020127
280100020324252525252525252525252526020100012425252525252525252525252525260203030224252525252525260102242525252525252526010300020314151515151515151515160100020014151515151515160002021415151515151516020100141515151515151516030103141515151515151515160100010003030102000302010203020000000301010203010102000000010301000302032828280100030002000003020301020102030028
270003010102000001030103000003010100030201030100010201000203030200020301010100020302020202000202020201010300010201010102000003010314151515151515151515160003000314151515151515160002021415151515151516000100141515151515151516020100141515151515151515160303030103030101030302010203000201000303000001020303030201020303020228280203272802020201000101030301000303010028
270302020001020100000003020201010303020201020301020302030100020301010302000000020101000003030103000200010300030001030200010301020114151515151515151515160202000024252525252525260100002425252525252526010300242525252525252526000000242525252525252525260203030102020301030002000102030002000202020103000003030200020201010327020202022703000000020201010000000300020328
270202010000030302010003010002000002010200010100020002030203030303000301000102010002030300020303000300020300020302010101000101010014151515151515151515160303000200000003010203020203000202000103000200000101000300010202030102010101030301000002010303000002030001020003000301010300020302020101010300000103000103010003000228010003282803010000010001020300030100030028
280102020000000102010000030303020202030302020300030101020300020203020203020003000101020102000101000202010000030203020201030303030014151515151515151515160103000203030100030000010202010000010303030102020002020303030002000003000303030302010003030200010300010000000200020003000002000101010102000002020203010001020000000328282827270200010100000000010200030202030027
040505050505050505050505050505050505050505060102020104050505050505050505050505050603020200040505050505050505050505050506020300010014151515151515151515160001030000030202030002020000010203020003000201020103010200000302000202010103030301010003020001000102010303010102030203010300010203030000010102010201010301020000000301030103000202010001010200000202010200010127
141515151515151515151515151515151515151515160102020214151515151515151515151515151601000202141515151515151515151515151516010302000114151515151515151515160002000104050505050505060001030405050505050506000100040505050505050506000000010101030300010203030000020300000303000100030303000301030102000300030000000202010200000302030301020003030003000203020201000102010327
141515151515151515151515151515151515151515160202020314151515151515151515151515151603010200141515151515151515151515151516010200020314151515151515151515160302010314151515151515160003001415151515151516010002141515151515151516010302010003010200000203030202020301020200030203020101010201020303010302030100020302020003020103010201000302000101010000000301030000010127
141515151515151515151515151515151515151515160000000014151515151515151515151515151600020001141515151515151515151515151516030303030214151515151515151515160300010114151515151515160001031415151515151516010302141515151515151516000101020102020302010302010200000003010101020001020101030202010000000103020002010103000101000203020300020301020001020200010301010100010027
141515151515151515151515151515151515151515160301030214151515151515151515151515151600020300141515151515151515151515151516010101010014151515151515151515160102030014151515151515160101031415151515151516030002141515151515151516020203020003030001020003010201010200030302030302030203000103000000000003020003270301020201010003020300010203010002030000010100000001030127
141515151515151515151515151515151515151515160202010214151515151515151515151515151601000300141515151515151515151515151516000002030014151515151515151515160200030214151515151515160102031415151515151516000002141515151515151516000300010101020103000303010300000301030202000203030000010301010101000201020201000301020200000302030101020100020002030203020000000303030027
242525252525252525252525252525252525252525260202030124252525252525252525252525252601000000242525252525252525252525252526020103010024252525252525252525260200020224252525252525260301012425252525252526000300242525252525252526030001030002000202000103000301030103010102030001020202020300000101030001000103020200010003010302000300000200020201000001020302030302020128
270102000102020000010202010201010202010303010200000103030002000003030102000202000200010003000300030103030001030200010002020302020103020300010301020100020100020303010303000302020103000203010300030301000103010301020000000300020303030301030301020101000101030002030302010000010203000200020201000300030003030000010102000200020002020002030203020303010200030302010127
270200020302020200010301000103030300030200010100010100000001030302000303030200020101010100030100020201030300030003000102010300020002030003010001020002030301000303030200020002000203030103000101010102000101030102000002030203020001030000020101010200000302000302030201010303000303030102020002020300010300020000010203010000010001020201030302020302010100000002010028
280001020201020203010303010102030003030302010100000201000203000200030000000101010202010002000302020100000002010103030000000200020203020102020103010302010200020203010102010101010100020300020002020302000202010303020203010302000302020300030202010302030001010001030301020001010202010100010202000000020200000200000100010200010202010101020101000102000103020003020128
270000010103000001000000000301010302030000030203000000030300030001010000020100000303030302000203030300020203000202010000000200000002030203030303030000010201010202030000020000020102030102000102010302030300000101030002020303000102000100000300000000000101020100000101020303020200030303000003010102010202000102032802030202000201020302010202020301010002010000000228
280101010100030000030201000200020301020101030103030100010303010002010003030303020102010002020300010000000301030003030201030003010303010201010102000000000003000303010003030202010003020100030002000301010202010201020001010103010302000001020101010300000302030202020001020101000201000102020101000103020200010100010200020301020201020003020102030103020103030303010328
280202020001020303030000030003020001000002000202000201000201020300030100000000000202020002010300000300000301020000020001030101030301010102030003010101010303020000000300030103010100020002030101020002020001020203030301000301030200010302000103010100010003010301010300020002010103010002000301030302030300030001030003270301030103010200030202000003020201030203020328
280302010301020128270103020202010001000300020002000000000300000100000203010000030102020200030200030200030301020201000002010201030103010300010101030200010102020003000102020303030003010201010300000302000200020301000000020101010002010302020003010002030301010201010101010200020001010301020303000101000303030002000001030102020103020100020201020200020201030000030128
270100020100020100010100000103000302020300000301020302020101030301030102010001000300000001010201000000000100000000020203030201020300010300000303030203010300010301030100000102010001020100010101002802010203030203030003000101020102010001030201020203030001010003000101000303030100030001030200000101030101010301010100000302020202030002000201010201020201020302020327
270101020001000100000300020101000000020100010001010302020103020103000302020003000303010003020202010001020001010102010102020302030100030300030203010103020002030203020302010101030302000303030000012703010302010102020000010201010000020303020003000100010202000200030202010202030103030103030102000003000001020201030000010002000302030200030300000100030100010001030228
280002000202010102000301030202020000030001010302030202000200000302020102030101020002010000000201030003010002010300000101020302020201000203000300030203020002000202000002000002030001000003000301000101020302030101030303020203000203010203020002020102000000010202000100030301030001020102030200010001010300010202020300030302000001000301010001030303000200010200020228
280103010302000300010203030300030000030100030301030201030302030302030001000200020001030203020301030302030100020001010003030102010201020302020201010000010303010102010202010201020000010000000001030200000001010103030102020201030000030101010200030300010100030200030203010003000201000300020101010302010003030300000300010103030003270101030000010202010103030300010328
270300020000020300010101030100020000030201020202000100030100010203030003020103000002020103030001020203020102010101030001010202030100030001020301020300030100020303010003030101020001020200000103030001030103030300000103020102030103030000000000030003000101030002020201030301030103010202020002010201030100010003020003000303010301010200000101020301020202010300020227
280002010300030100020102010001000303000203010201000202010000030000010202010303010101020103000101020103020001020300000200030201010200020002000302020003010301020202030302020300000301030100000000000101000102030302020101000003000002000101030200000002030100010202020302010201010302020003020200030103000003010202030201000300020101000003010201030303030002000303010327
270203000202030100020300010000030000010102020002000102010101000302010300010201030101000202030203030000010001020200000102020302020000010200010201000002030201020103010000000200030302020001020202030000000100030003010200020000020202010203020202030002010301000102030000010203020101000201020102000200030101010303020202000303010001000302000000010302020101030200030228
280000000200000000020001020101030102000202020101030203030103010201030100010202010203010003010300030200010003010002020300020101020102030000030300010303010002030202030303030002030203020203010200000301020101000100020300020203030001010302020302030000030001030300000002030302020003000302010300030200000003030202020103010202030101000101000101010203010201010202020127
270000000302000302010002000002010302030201030001030302010201000200000203020000030302000103030002020201020102030103010201020102010203000202030102030103020303000001020303020100020002000003030101030203000302000002020303010000010302020003010302000201030002020000000200030103010000010201020001000101000002000002030101010101010101010202010200000302020301020200010127
270300020203010302020003030200030001030301000102000000020300010300000101010101000302020001030302010303010301030100030102010201020003030202010100030100010101030201020301010102010003020201030002030103020102010002000002000100020301010300020300030200010300010000030102010003020203000000000001000203010203000001030300020203030300020101010100010201010201000300020128
270103020103010301000302030203020100030201030101020101020102010100020100030300000000010003010103020300000300030103010100020101000102000201000201000002030001010001010200030201000203030302000301010202000000010001010301030300020102000200030101020203010201000103020002020302030000020303020000030301020202000003010002020103010100020202020101030002000200020203030127
270002000303010202030002010302010000020100000101030000020200010003030101000102020100020302030002030100030201020101000200020101000002030201020103020203020102010100030000030201010001030201010202030201020001000202000302030303010003030000000302030301030302020000000303020203030003020100010203020001000202000100010203000103020201010102030202010000000000020002000028
280100010303000103030000020002030101030101000302000003030103000102020103000103000001030301010101030303010001000203000002010201020300030303000203030001000001000100020303000301000300000301020201020201020300010100030202010101010301020301030300010101000201000001010201000203010201000103000102030201010200030101020203010300010200030302020301000303020302020101030328
270100010303010103010002030301010200000100030301030102030303030202010101030300010000020103010000020102020202000203000100000103020103000301030101030000010002020303000301030303010000000101000200010101020002000000030100000103030100020100020202030201020102020300030300030000020102030301010203030202000200030101020301030302000201030100010228000203020301010203020027
280000020201030101030100010202000000010001020103030201030302000003030101030103020003030001000302010002000001000300020201010300030101000103030302010103010200000100000000010301030003020201020302010202000303030302030302010301000103010002000301010100000301000201000200020102010202020300010202020101000000030300020302030003020302000103020303030102000203030202020227
270000000302010003020001000101020101000301030302010200030301010002000302010001000203000203020301010103010003010303030203020300020203020001010101030103010301000102000200030002000003020300030000020300000301000202030303020001020302010002030202020003000300020300030302030302000201030103020101030200010203030202020300030103010200000001010100010100000300010100010028
280201010103030001010302020303000100010002010001010128000200020303010103010300030301030302020303010000000303030303030202030202030001000201030101000303020100020100030001010002002703010301020202020203000000010303000200020302010300010001280302010201010001030301010201000103030302010303020200030100030103000100000100020302030203030000020327010301010002030302020228
270301030103000001000000000000010202010202010203000301020102030000010001000300010203020302010301030100030103010302000100020300020001030001010303020302010002000000030301030200280302010301020203030201020203020200030202010002020103000301270301010201020228002803010001030303010102010202030200030003010103010201030303010100000202000101020002030300030203020001030127
280103010200020303010101030303020202010000020303030001002803020100010102010203030300020000030302010200020300000300010003000202000201030203010102000302000203000200000102030003000200020002020002030100000103010101020302030101030201030101010300010202010301010101020101030000000100000202010001020203000103010100010200010103000100000101000100000300020000030200030028
270202020101000302020302000300000101020201020201010203030003000201000203000200000303030200000303030101010103030100030003020202000103010001010001010201020300010103010101000101000101020303010003020101010300010201020303010202020001020200020202030002020100020102030003010003010003280201020000010201020200010103010001020002030103010002020002010003010200030002030028
270100020303000300030202020003030203000203010300000203030002030202000001020300000202000200020103000202010100020001020301000000020203000301010002000200010300000300020002030101000203030300010103000201020302020202010301020200020000030000030203000300000300000300030001020000020200022700020202010003000002030302010003000301020102030302020300000001030103000002010328
280003030103020000000102010201020303020200010301030000010101010202000101030203020200020100020003000203020405050603020103010002000301000000000303000202030101020002000100000300010301000100020202010001010102020103000301000301002700030102020201010301010003000202010000020100030000020002030003020302000003010001030100020202010103000301000203010000020101030301010028
280101000203030100020302030101020101030101030201010202010101030200010103010203010200020301030301000102041815151706000301010202000201010002010100020102010301020300020101020301000001010300010002020002020301020302020300000203000000030200020303020000030002020102030002010002010302000100020301000102010101010002000301000302030202010000030003020301010100000203000127
280201010001010202030300000202020302030200010002030001000000000102000300020000030101020300010103010104181515151516030002000203030200020203010102010001020000000101010100030101030003010201030203010200030300020001000101030002032801030203000200010000010001020000020001020100020302030102010003020102010002010303010201000003030202020001280102010103010100000303000027
280203010103030000000301030203020102010101010002000202010000020102030200000103020300020100020201010314150725081517060100000303010201020003020103000302030000000003000001010301020203010103010200000001020103030102020203000001000301020201020201020001030001020200020301000302030303010002020003030200020000020201010302010101010001020102270200030101000202010302030327
280000030303020101030203010101030203010103020200020003020200020300000101030203030301000000000303010418151602141515160001010101020102000201020101000102030303010002030202010201000301010101020203020303010000000202020301000302020100030001010303010103010200020102000302030102020201020201010202010101002801000001010101030001000101000100010300030000000001030300000228
280203030201030201030300020101010202000002000100020100000101010101030003010101020001010203000003021407250405181515160301030101010201000201020100020203010100020203010101000001030301030203030100000002010100000101000200000002000001020301000303030200010201020201010202000102030101020000030103030100020103280301020303000200030201030200000101030100010202000103030027
280301030302020103020300000103020201020003020000020000030103020200010303020000030300030201010002031416011415151515160201020200020003030000020103020002020101002802000003010201020002000000020003030101020302030102020000030200000103000102010202010200020102010002000303020201010101020101000202000200010302020301030001020100270102020102030100010101020103020301010228
270201000101020201000302010200000302010000020003000101010002010103010201030300030000030002020003041817051815151507260200020203020001020300010302020003020003000202030001030002020303010000010001020201000203020002020203000203280000030001010302000200020101000203010002030003010203030303020203000203030300030003010203030003030103010200010202010302020000000302010327
270100000103000300030103020200030301020001000201020203030002000301020000030000010103000101000001240815151515150726020103000201000103000301030102010203280000000300010201030300030201000100020100020300000300020200000003030002270202000300010101000202030201000003010302010203010200010300020102010001030202000201010102020203020300010003020301000101020001000100000127
270103010301010202010003010200010301030300000302000200030200000301010102030002030302020003000203022425252525252602010201010301010300020300010101030301030301010100020202000101000100030003020003000203030202020203000203020203000100000301020103000303000101000301010303020001010003010103030200020200020301010100020201030101030203020100010101010301010101020100030127
270201020201010303000102020001030002010002030001020303020000010300020302010000010202010301010000000301000300010003020300020302010300030302010000010302030002010302000203000000020202010000020102020201020302010302000002030002000300030300010302030300030002020002020103020300030303020003030103010300020100020202020100010000020302020301000102010000020101020300020227
280102030101020102030203020303030001030302010002030301020003000100010300020202030103010202000101010001000000010300010202000202000003000103020201010002010202030000000301010002030101030202010200010203000302030201030303020203020202030100010301030103020103030101030300000302000302270300010200030300030300020002010101010103000101010301010203000302000101010302020228
280202010002020000010302010003020001020103000101030302020201010301030203020302000000020003000003000003020102020001000301020003010200020003010300000100030303000001000001030201000200010202020101000202030002020302020102020300000000010202010301010202000302030202000202000303012828282703000302030102030000020002000101000200030300000002000302010200030100010001020328
270000000300030100010100030101010303030301030301010301020100030303020302000303010302020300020303000303010003030201030303020200020300020000030200000102030202000100010002020300000203010000010202010002030002030100000202010100030300010001030100030000000301030202010102010202280200012803030201010301010003010001010002030002030200020003000201030301020201020101010227
270003030301030101020203000300030102010001010101010302030300030201000300020100030200010301020201000101030300010200010303000003000203010102000301000201020302020000030000010300010100000103020102010303030203030201020203030202000001012701000102010300010301030103010001000328000302032800030201030302030102000201000301020201020000030002010202000203000003010302010227
280001030003000100020002000203020300030000010003030201020101000301030302010301000201020100010100030300020103000100030302000000000103010002020002000303020003030103000101030103030202020102010103000300000003010002010003010201020201020027030102020200020203030203000301020327000001032702000203010103020202020203030001010303010203000100030001030103030103020102000328
270200000302000003020002030003010201010303030003020001020103022800000003030002030200030103010002020003000100020102030302030002000301000301000102030200010203030202010200010300010002030202020301030200020200030301010102000102030003030100030302000203010203030201000202020027010202282800010203020102020301020300030201020201030302020201030101020000020201030203000128
280100020102020100010103000100010201000103030302000128020103020102280302030101010300000102000003030000020000020203000302000100000002000103030000010002030203000300010001020102020203000301030303010303010301030200010102010002030302000201000103030001000102030203010102020202282727010002030302030303030201020002020027280001010303000001000301030100030201030202030328
280000030100030301030000020100020102020102010301022701030003000303000102010300010201020000000300030101010302010102000201010201010103000000000303030100010001000300000300030100030103010300020103020202000000010101030301030202020203010000020000030302020201000303010100030101020002010003010300020300010101020301010203020303030200010202010203000200010002030002030128
280002020003010101020200030002030000000202030301020103020302020202020202000301010103030003010302020000010103000303030000020001020101010203020203010227280200020002020202020000000200030200030100020202020000010203000203020301010003020302010201020300030103020200020302030203000200030001030001020201020000030001030001010103020303030301020303030300020000020302030128
270001020101000300010003030003030302010100010002000103010300020000000303020100000302030100030302030103000303010202030203030001000127280000020200030100010101010201020200020001020103020202030003020001000000010000030103030202010200000102000303030303000100020202000300000101020303030003020200000103020001000302010001000101030300030000010200020203020102020002010327
270201020100030000020000020003000100020200030102030200010200010102000303030302010303020102010100010203010301020000030102000302000100020103010202030100020103000102030202280301000303030303010002000100000303000001000102000000020200030303010303002701000103020200020301030303000203030101020102000102000002020302020103030100030301010000020002020301000003030001030228
270203020203030303030202030200010100030103030003010102020100030201000200000128020302010201030000020200000303030300020100030303030300030002030000020001020103000301030100002701030301000001020101020301010002030103000003000100000302010201000102030201000300000002010003010003020103010300020103030203020301030000000103020300030103020303000001010300020200010201010327
270302000200030103000002030102000201000101000100020000000001000302010103010303270100020201000001030002030201000001030100010000030301020200020302010002030002030102000300020203010103020301020103030303030300000302010101030201020201030201030301030001030101020101000003000002000000000201020303010303010203020003020102030302020003020002000002020301020302020301030028
280302000303010003010103030303030301020200020101030200010100030101020201010000020002020100020101030101010202010200002728000303000200020303000302010300020100010200030003030102010301030001000002030303030102010000030101000002010200010102020002020000020001020001010301030102030302010000000103030200030002280302020201010101000000000000000000000003270302010203030128
270003030200010002010002020102020202030000270300030001010300000300030203020203010202020300020103002728030100020200000302030303020103010000030200020203020003030302010000030001010101012801030100030001030103030102000100020200030103020300010102000303000302010102000100030002010303010001000201000000020301270303010100020301010100010302000000010201030103010000000327
270102020002000302030202000203000000030101270303010001020203030201000001010201020003010301010101020203030303030003030000000302000001000001020302030103010100030100030303010201000202032800000001010301000101000101020301020003020201000000000001020302030003010300010000010102020003000000000100020101020100020001010102020303010303000102000000030200010028030001020327
270002000303000200030001020303010000010201030202010001030303000002020300010101020102010003000103030202020303010002020001000202000102000000000002020103030300010302020003000101000002010227030100020200030103000202020300030202030100030000010301030302000100020300030002000200010300000302000101000300030102000103000101030100020100020200030002020002010303010101000328
280302010303010300000003020102010202010303020202020003000300020100010103010202000100030102030101030102030300010002020300030300000300020003030000000002000100010003010301010200020300020200020002030000030302030100030101020003010002030200010102020300030203000201000201010103010000030301020102030203010000010202010102030003030201000103010000000200010202010301010228
280100000003010103030000020303010101000002010100020202020200020300020302010202030201010303000102010002010202010102030001000101020300000100030002000302010000020002020202010303030001030003030200010100010101020200000200000202020101020300000303000102010200030302010303000303030201010102030100020200020103020203020200030200010300000002000302000302000201030103020328
280303010200030000030303030102020100000003000300020202000101020302020201030000010303000300000200020302030001030301000202010301010300030101030302000201010202000200000101010002020100010003020203000001020103000203030000000102030002020001020100010202280301020200010103000201020001000303000201030001000302000202030301000202030000030001000003020301000002030303000328
270202020000020002030000010303030303000003020103020202030301010000020002030300010201020001010000030300030103000003030200030302000000010100000100030102000201020201010001010002020201020202020103030302030002010202020000030302000300000200020301000203010303010203020202020101020300010003000100030001020000270001000102000203010301020100010303030001000201030002010127
270100020003000103000200010200000001020000000303010100020102030202020003000203010303000300000100030103010302020300000303020003030100000301030001020200010202030100000202020200010102010001020100010301020103020000000102020303030101030002000102010301030100030202020001020003010300030003030302030101020103022801020003020101010002030303030000000002020202000300010028
270003010003030203000200000101020302000100030103030303000101020001010202020300030102010100000100000101030201010302010203000101030203030002000202010200010001000300020002010100030001020302030303012803020100020301000003020301030001010201000303020200020100030200010100000202020303010202020103020002000200010003020303000003010103010200000201020200030302010000020127
270201010101020101020103020303030300010103030102010303000200030302010301010001030002010303010203030303020102030301000000030100000103020200000100030202000201020302020302010100000002020200020100030028010300030102020100000001030102020203000300030300030002000103030101010202020002020300030201010000010302000302020301020102030101030000030300010003030101030303010027
270102010003020103010100010000000200010300000002010003020203030200030203010203020000010100010100000102020101030002020100000003030000020201020003010101010303030100010203010302030101010001010203000200030102020300030101010202010002010202010102020102020100000003010301030202030001000201030103010003000200000301000200010300000101030100000300010203020100020302030328
270203000202020203000102000203030200000028020102030300000101010001020303010101030001010002020202000002010300020102000200010103030101030000010300030102030200020001010202010000000300020100020102000000030101020101000303020300010103010101000102000203020202010103020000020001010100010200020101030202010200010201030300030203000201000101020203010103030200030301030128
270302010003010003010001000200000000012803030203010201000001010003010103010301020302010003020301020301000300030405050506020203010001000302020102010002020303000003030202020002010101000103030101020100010203020101020103030300030102010303030301010301010300000102030000030302010100010000000200010202010001030201020103000102010200020301000103010102010000000203020128
272828272727282828272727272828282828272827282828282728282728282827272827272827282828282727272728282728272827282425252526272728282828282827272728272828282727272828282828282827272828282828282727282827282828272728282827282727272727272728282727272828272728282727282728282828272727282727272728282728282728272828272827272727282828272827282828272828282728272727272828

image image:4
